  Solar insolation at TOA after LABS/NECKEL and THEAEKARA/DRUMMOND
       wl       ln-weight  td-weight
    4.642000   .00012087   .00012751
    4.608657   .00012790   .00012751
    4.575554   .00012976   .00012751
    4.542688   .00012882   .00012751
    4.510059   .00013560   .00015251
    4.477664   .00013807   .00015251
    4.445502   .00013708   .00015251
    4.413570   .00014342   .00015251
    4.381868   .00014782   .00016501
    4.350394   .00014676   .00016501
    4.319146   .00015094   .00016501
    4.288122   .00015822   .00016501
    4.257321   .00015709   .00017751
    4.226741   .00015776   .00017751
    4.196381   .00016988   .00017751
    4.166239   .00016866   .00017751
    4.136314   .00016745   .00019001
    4.106604   .00017868   .00019001
    4.077106   .00018095   .00019001
    4.047821   .00017965   .00019001
    4.018746   .00018468   .00020251
    3.989880   .00019496   .00020251
    3.961222   .00019356   .00020251
    3.932769   .00019217   .00020251
    3.904520   .00020684   .00022001
    3.876475   .00020842   .00022001
    3.848631   .00020692   .00022001
    3.820986   .00021065   .00022001
    3.793541   .00022596   .00025002
    3.766293   .00022433   .00025002
    3.739240   .00022272   .00025002
    3.712381   .00023370   .00025002
    3.685716   .00024285   .00026002
    3.659242   .00024110   .00026002
    3.632958   .00023937   .00026002
    3.606863   .00025722   .00026002
    3.580956   .00026237   .00025752
    3.555234   .00026049   .00025752
    3.529698   .00025862   .00025752
    3.504344   .00028121   .00025752
    3.479173   .00028426   .00028752
    3.454183   .00028222   .00028752
    3.429372   .00028019   .00028752
    3.404739   .00030422   .00028752
    3.380284   .00030825   .00033502
    3.356004   .00030604   .00033502
    3.331898   .00030384   .00033502
    3.307965   .00032600   .00033502
    3.284205   .00033584   .00037252
    3.260615   .00033343   .00037252
    3.237194   .00033104   .00037252
    3.213942   .00034543   .00037252
    3.190857   .00036835   .00041502
    3.167937   .00036570   .00041502
    3.145183   .00036307   .00041502
    3.122591   .00036047   .00041502
    3.100162   .00040492   .00046003
    3.077894   .00040236   .00046003
    3.055786   .00039947   .00046003
    3.033837   .00039660   .00046003
    3.012045   .00041697   .00051503
    2.990410   .00044294   .00051503
    2.968931   .00043975   .00051503
    2.947605   .00043660   .00051503
    2.926433   .00043346   .00055503
    2.905413   .00047458   .00055503
    2.884544   .00048655   .00055503
    2.863825   .00048306   .00055503
    2.843254   .00047959   .00058504
    2.822832   .00047615   .00058504
    2.802556   .00053076   .00058504
    2.782425   .00053533   .00058504
    2.762439   .00053148   .00061754
    2.742597   .00052767   .00061754
    2.722898   .00052388   .00061754
    2.703340   .00058383   .00061754
    2.683922   .00059277   .00065004
    2.664644   .00058851   .00065004
    2.645504   .00058429   .00065004
    2.626502   .00058009   .00065004
    2.607636   .00062803   .00065754
    2.588906   .00065912   .00065754
    2.570310   .00065439   .00065754
    2.551848   .00064969   .00065754
    2.533518   .00064502   .00071004
    2.515320   .00065551   .00071004
    2.497253   .00073452   .00071004
    2.479316   .00072924   .00071004
    2.461507   .00072400   .00076505
    2.443827   .00071880   .00076505
    2.426273   .00071364   .00076505
    2.408846   .00076437   .00076505
    2.391543   .00081688   .00085255
    2.374365   .00081101   .00085255
    2.357310   .00080519   .00085255
    2.340378   .00079940   .00085255
    2.323568   .00079366   .00089005
    2.306878   .00086691   .00089005
    2.290308   .00091630   .00089005
    2.273857   .00090972   .00089005
    2.257524   .00090319   .00092256
    2.241309   .00089670   .00092256
    2.225210   .00089026   .00092256
    2.209226   .00095016   .00092256
    2.193358   .00103475   .00096506
    2.177603   .00102732   .00096506
    2.161962   .00101994   .00096506
    2.146433   .00101262   .00096506
    2.131015   .00100534   .00102256
    2.115709   .00099812   .00102256
    2.100512   .00117172   .00102256
    2.085424   .00116961   .00102256
    2.070445   .00116121   .00107006
    2.055573   .00115287   .00107006
    2.040808   .00114459   .00107006
    2.026150   .00113636   .00107006
    2.011596   .00117112   .00113007
    1.997147   .00133591   .00113007
    1.982802   .00132631   .00113007
    1.968560   .00131678   .00113007
    1.954420   .00130733   .00125508
    1.940382   .00129794   .00125508
    1.926444   .00128861   .00125508
    1.912607   .00130094   .00125508
    1.898869   .00153041   .00137008
    1.885230   .00151941   .00137008
    1.871688   .00150850   .00137008
    1.858244   .00149766   .00137008
    1.844897   .00148691   .00147759
    1.831645   .00147623   .00147759
    1.818489   .00146562   .00147759
    1.805427   .00163994   .00147759
    1.792459   .00176022   .00164260
    1.779584   .00174757   .00164260
    1.766801   .00173502   .00164260
    1.754111   .00172256   .00164260
    1.741511   .00171019   .00179261
    1.729002   .00169790   .00179261
    1.716583   .00168571   .00179261
    1.704253   .00191747   .00179261
    1.692012   .00203260   .00192762
    1.679858   .00201800   .00192762
    1.667792   .00200351   .00192762
    1.655812   .00198911   .00192762
    1.643919   .00197483   .00204762
    1.632111   .00196064   .00204762
    1.620388   .00194656   .00204762
    1.608749   .00202505   .00204762
    1.597193   .00229671   .00215263
    1.585721   .00228021   .00215263
    1.574331   .00226383   .00215263
    1.563023   .00224757   .00215263
    1.551796   .00223143   .00226014
    1.540650   .00221540   .00226014
    1.529583   .00219949   .00226014
    1.518597   .00218369   .00226014
    1.507689   .00227357   .00235514
    1.496859   .00251380   .00235514
    1.486108   .00249575   .00235514
    1.475433   .00247782   .00235514
    1.464835   .00246002   .00243765
    1.454314   .00244235   .00243765
    1.443867   .00242481   .00243765
    1.433496   .00240739   .00243765
    1.423200   .00239010   .00250265
    1.412977   .00237293   .00250265
    1.402828   .00265217   .00250265
    1.392752   .00274788   .00250265
    1.382748   .00272814   .00261016
    1.372816   .00270855   .00261016
    1.362955   .00268909   .00261016
    1.353165   .00266978   .00261016
    1.343445   .00265060   .00273766
    1.333796   .00263156   .00273766
    1.324215   .00261266   .00273766
    1.314704   .00259389   .00273766
    1.305260   .00265710   .00284767
    1.295885   .00274188   .00284767
    1.286577   .00272218   .00284767
    1.277335   .00270263   .00284767
    1.268161   .00268322   .00294518
    1.259052   .00266394   .00294518
    1.250008   .00313073   .00294518
    1.241029   .00316642   .00294518
    1.232115   .00319425   .00303018
    1.223265   .00321595   .00303018
    1.214479   .00323891   .00303018
    1.205755   .00326043   .00303018
    1.197094   .00328060   .00317519
    1.188496   .00330390   .00317519
    1.179959   .00332802   .00317519
    1.171484   .00335469   .00317519
    1.163069   .00338006   .00335020
    1.154715   .00340949   .00335020
    1.146421   .00343383   .00335020
    1.138186   .00345604   .00335020
    1.130011   .00348624   .00350521
    1.121894   .00351003   .00350521
    1.113836   .00353518   .00350521
    1.105835   .00356037   .00350521
    1.097892   .00358108   .00364272
    1.090006   .00361281   .00364272
    1.082177   .00363239   .00364272
    1.074404   .00365934   .00364272
    1.066686   .00368114   .00376273
    1.059025   .00372470   .00376273
    1.051418   .00376701   .00376273
    1.043866   .00380695   .00376273
    1.036368   .00384859   .00386773
    1.028924   .00388738   .00386773
    1.021533   .00392539   .00386773
    1.014196   .00396572   .00386773
    1.006911   .00400202   .00404524
     .999678   .00404581   .00404524
     .992498   .00407121   .00404524
     .985369   .00411087   .00404524
     .978291   .00413973   .00416525
     .971264   .00417400   .00416525
     .964288   .00421081   .00416525
     .957361   .00423851   .00416525
     .950485   .00427430   .00424775
     .943658   .00430335   .00424775
     .936879   .00433202   .00424775
     .930150   .00436897   .00424775
     .923469   .00439931   .00430776
     .916836   .00442436   .00430776
     .910250   .00446021   .00430776
     .903712   .00448864   .00430776
     .897221   .00451444   .00436026
     .890776   .00454815   .00436026
     .884378   .00457827   .00436026
     .878026   .00459895   .00436026
     .871719   .00435926   .00448777
     .865457   .00452688   .00448777
     .859241   .00434815   .00448777
     .853069   .00446121   .00448777
     .846942   .00461332   .00459778
     .840858   .00464897   .00459778
     .834818   .00465182   .00459778
     .828822   .00470760   .00459778
     .822869   .00468640   .00469278
     .816958   .00479430   .00469278
     .811090   .00475705   .00469278
     .805264   .00481333   .00469278
     .799480   .00482075   .00481529
     .793738   .00486144   .00481529
     .788036   .00490467   .00481529
     .782376   .00491275   .00481529
     .776756   .00491988   .00491529
     .771177   .00488160   .00491529
     .765638   .00499101   .00491529
     .760138   .00500643   .00491529
     .754678   .00502866   .00500280
     .749258   .00506138   .00500280
     .743876   .00500455   .00500280
     .738533   .00509754   .00500280
     .733228   .00511960   .00507280
     .727961   .00518409   .00507280
     .722732   .00509451   .00507280
     .717541   .00517528   .00507280
     .712387   .00521898   .00513781
     .707270   .00524035   .00513781
     .702190   .00522118   .00513781
     .697146   .00529121   .00513781
     .692139   .00532811   .00520531
     .687167   .00532615   .00520531
     .682231   .00539427   .00520531
     .677331   .00541587   .00520531
     .672466   .00543870   .00525532
     .667636   .00546976   .00525532
     .662840   .00546205   .00525532
     .658079   .00514373   .00525532
     .653352   .00549052   .00529532
     .648659   .00550806   .00529532
     .644000   .00551975   .00529532
     .639374   .00558660   .00529532
     .634782   .00552488   .00531782
     .630222   .00561204   .00531782
     .625695   .00553174   .00531782
     .621201   .00561358   .00531782
     .616739   .00549934   .00536532
     .612309   .00560450   .00536532
     .607911   .00567596   .00536532
     .603545   .00558486   .00536532
     .599209   .00563948   .00536032
     .594905   .00563913   .00536032
     .590632   .00549808   .00536032
     .586390   .00570516   .00536032
     .582178   .00562362   .00528532
     .577996   .00565457   .00528532
     .573845   .00558074   .00528532
     .569723   .00554431   .00528532
     .565630   .00550941   .00512781
     .561568   .00539660   .00512781
     .557534   .00550947   .00512781
     .553529   .00546085   .00512781
     .549553   .00542488   .00516781
     .545606   .00538893   .00516781
     .541687   .00528399   .00516781
     .537796   .00540484   .00516781
     .533933   .00536250   .00519281
     .530098   .00516671   .00519281
     .526290   .00526887   .00519281
     .522510   .00507487   .00519281
     .518757   .00477320   .00514031
     .515031   .00514736   .00514031
     .511332   .00521982   .00514031
     .507659   .00519111   .00514031
     .504012   .00499755   .00520531
     .500392   .00514269   .00520531
     .496798   .00518535   .00520531
     .493229   .00503720   .00520531
     .489687   .00473808   .00521031
     .486169   .00496332   .00521031
     .482677   .00524845   .00521031
     .479210   .00510840   .00521031
     .475768   .00508759   .00515031
     .472351   .00491808   .00515031
     .468958   .00491771   .00515031
     .465589   .00500816   .00515031
     .462245   .00497874   .00500280
     .458925   .00496968   .00500280
     .455629   .00476574   .00500280
     .452356   .00496874   .00500280
     .449107   .00468960   .00441777
     .445881   .00450533   .00441777
     .442678   .00434215   .00441777
     .439498   .00408572   .00441777
     .436342   .00398978   .00386273
     .433207   .00347030   .00386273
     .430096   .00347980   .00386273
     .427006   .00388002   .00386273
     .423939   .00380524   .00392024
     .420894   .00380422   .00392024
     .417871   .00386439   .00392024
     .414870   .00386668   .00392024
     .411890   .00363902   .00356771
     .408931   .00358447   .00356771
     .405994   .00352159   .00356771
     .403078   .00373071   .00356771
     .400182   .00309575   .00258516
     .397308   .00216754   .00258516
     .394454   .00181831   .00258516
     .391621   .00256740   .00258516
     .388808   .00202571   .00229264
     .386015   .00184792   .00229264
     .383242   .00194981   .00229264
     .380490   .00241495   .00229264
     .377757   .00232988   .00231514
     .375043   .00180601   .00231514
     .372349   .00234236   .00231514
     .369675   .00233498   .00231514
     .367020   .00232361   .00212763
     .364383   .00200698   .00212763
     .361766   .00191753   .00212763
     .359167   .00153947   .00212763
     .356588   .00199308   .00205262
     .354026   .00185838   .00205262
     .351483   .00183950   .00205262
     .348959   .00170018   .00205262
     .346452   .00157031   .00197512
     .343964   .00177681   .00197512
     .341493   .00172845   .00197512
     .339040   .00155894   .00197512
     .336605   .00162275   .00188761
     .334187   .00162237   .00188761
     .331787   .00165647   .00188761
     .329404   .00142032   .00188761
     .327037   .00141012   .00156009
     .324688   .00139999   .00156009
     .322356   .00138993   .00156009
     .320041   .00111482   .00156009
     .317742   .00110206   .00125008
     .315460   .00109414   .00125008
     .313194   .00108628   .00125008
     .310944   .00096400   .00125008
     .308711   .00087384   .00095506
     .306493   .00086756   .00095506
     .304292   .00086133   .00095506
     .302106   .00085364   .00095506
     .299936   .00079841   .00086255
     .297782   .00079267   .00086255
     .295643   .00078698   .00086255
     .293519   .00078133   .00086255
     .291411   .00065957   .00062004
     .289318   .00041633   .00062004
     .287240   .00041334   .00062004
     .285176   .00041037   .00062004
     .283128   .00040743   .00033002
     .281094   .00033936   .00033002
     .279075   .00026037   .00033002
     .277071   .00025850   .00033002
     .275081   .00025665   .00031002
     .273105   .00025480   .00031002
     .271143   .00024294   .00031002
     .269196   .00022703   .00031002
     .267262   .00022540   .00024501
     .265342   .00022378   .00024501
     .263436   .00022218   .00024501
     .261544   .00020242   .00024501
     .259665   .00011771   .00015751
     .257800   .00011687   .00015751
     .255949   .00011603   .00015751
     .254110   .00011519   .00015751
     .252285   .00011437   .00009751
     .250473   .00008824   .00009751
     .248674   .00007865   .00009751
     .246888   .00007808   .00009751
     .245114
     Summe :  1.00000000  1.00000000
     So    :************               W/m**2
